GRB	BAT RA (J2000)	BAT Dec (J2000)	BAT 90% Error Radius [arcmin]	BAT T90 [sec]
230826A	83.048	66.129	1.0	41.07
230818A	285.888	40.888	1.1	9.82
230816A	328.453	37.853	1.2	20.48
230815A	184.760	-58.067	1.2	17.00
230805B	207.738	31.190	2.1	93.77
230802A	76.232	19.552	1.0	175.62
230728A	343.514	28.169	1.3	15.10
230723B	250.391	-5.319	1.0	6.64
230628E	171.851	-11.430	2.4	4.72
230622A	292.516	-32.972	2.2	18.37
230618A	196.642	3.278	1.7	104.05
230606A	166.777	36.504	2.5	16.26
230510A	318.138	34.430	1.0	178.4
230506C	134.371	45.131	1.4	31.00
230506B	326.986	44.514	1.2	61.54
230427A	153.339	48.231	3.3	4.00
230423A	122.618	-21.901	2.3	23.60
230420A	161.040	32.111	1.5	111.75
230414B	181.052	53.179	2.4	25.98
230409B	329.516	52.832	1.7	9.79
230405B	271.467	-47.070	3	n/a
230328B	291.037	80.013	1.0	19.23
230325A	296.854	-46.067	1.5	38.05
230322B	16.550	-47.709	1.7	11.61
230228A	18.397	44.495	1.5	2.18
230217A	280.759	-28.840	1.3	1.30
230216A	113.966	-7.993	2.1	91.20
230205A	202.057	46.686	2.3	2.30
230204A	238.166	-50.848	2.4	182.05
230123A	40.905	-65.661	1.8	5.37
230116D	98.584	49.831	2.9	41.00
221231A	336.260	25.138	5	n/a
221226B	22.903	-41.515	1.2	3.44
221216A	326.023	-34.394	1.3	174.48
221202A	77.002	-59.836	2.1	10.34
221201A	266.903	-68.230	1.0	33.71
221120A	41.363	43.241	1.8	0.79
221110A	29.106	-27.298	1.5	8.98
221028A	314.198	41.082	1.6	57.1
221027B	225.601	47.451	1.6	8.66
221024A	169.702	33.068	2.9	120
221016A	38.938	-34.615	1.0	21.86
221009A	288.254	19.809	2.4	1068.40
220930A	64.725	13.353	1.7	180.47
220907A	268.869	-20.303	1.9	8.49
220826A	206.421	-44.036	1.1	11.14
220813A	81.501	-32.985	3	n/a
220730A	224.988	-69.496	1.7	0.19
220715B	254.860	-33.586	1.1	40.40
220714B	47.086	-19.321	1.3	50.10
220711B	262.018	24.674	1.3	88.64
220710A	221.592	20.657	2	n/a
220708B	248.652	36.338	5	n/a
220708A	103.038	72.199	2.2	4.4
220706A	0.577	-16.411	1.8	86.9
220701A	242.474	55.436	2.5	5.77
220623A	145.459	75.823	1.0	57.11
220618A	38.986	55.218	2.0	96.00
220611A	66.505	-37.265	2.1	57.00
220521A	275.218	10.372	1.7	13.55
220518A	55.340	-47.593	2.0	12.29
220511A	287.446	17.739	7	n/a
220430A	97.616	9.547	1.0	43.10
220427A	275.922	-56.257	2.0	57.2
220412A	123.975	30.336	1.9	41.66
220408A	202.399	47.065	1.2	17.25
220403B	190.974	89.180	1.0	27.0
220325A	269.469	-7.055	1.5	3.50
220319A	218.139	61.291	1.9	6.44
220306B	5.380	71.384	1.6	12.34
220305A	107.610	-37.703	1.5	21.12
220302A	301.432	49.389	3	n/a
220118A	192.277	22.911	1.4	10.61
220117B	191.989	-28.762	2.7	24.37
220117A	91.590	-28.402	1.7	49.81
220107A	169.761	34.139	10	n/a
220101A	1.360	31.758	2.2	173.36
211227A	132.144	-2.736	1.4	83.79
211221A	78.906	0.902	2.6	671.67
211211A	212.272	27.884	1.0	51.37
211207A	149.601	-24.360	2.3	3.73
211129A	274.565	31.781	1.5	113.01
211107B	65.7949	-27.5524	2	n/a
211106A	343.643	-53.236	7	1.75
211025A	162.407	31.506	2.3	103.5
211024B	154.708	24.566	1.0	603.5
211023B	170.314	39.133	2.0	1.30
210930A	197.415	48.630	1.6	11.81
210919A	80.242	1.286	2.0	0.16
210912A	129.874	79.216	1.2	28.35
210905A	309.062	-44.431	3	n/a
210901A	295.224	-76.942	1.9	46.77
210827A	174.9181	55.7858	4	n/a
210824A	232.115	11.169	1.2	37.55
210822A	304.461	5.265	1.0	180.8
210820A	20.622	4.642	3.4	196.8
210818A	148.949	-87.029	1.0	73.56
210807C	143.540	-51.409	1.0	89.97
210807A	76.666	58.257	1.5	156.30
210731A	300.311	-28.056	1.7	22.51
210730A	149.570	69.703	1.0	3.86
210726A	193.333	19.211	2.6	0.39
210725B	192.914	17.130	2.7	48.00
210725A	215.381	-1.177	2.3	53.54
210724A	227.425	-6.279	1.9	50.57
210723A	121.723	-32.893	1.0	48.54
210722A	27.031	-6.347	1.2	50.20
210712A	97.322	-35.376	1.7	136.41
210708A	173.759	-49.164	2.2	2.77
210706A	312.0124	13.3079	5	n/a
210702A	168.570	-36.741	1.5	138.2
210626A	221.6199	-1.1512	5	n/a
210619B	319.718	33.850	1.0	60.90
210618A	235.763	46.072	2.0	2.13
210610B	243.929	14.398	1.0	69.38
210610A	204.284	14.476	1.7	13.62
210606A	170.904	0.718	4	n/a
210605B	15.732	-6.467	5	n/a
210527A	172.346	31.627	1.8	63.21
210517A	358.190	-39.104	2.0	3.06
210515C	1.106	-14.972	2.0	55.7
210514A	2.947	-21.898	1.0	70.21
210509A	350.363	6.650	1.5	8.22
210504A	222.379	-30.557	2.1	135.06
210421A	104.882	4.928	1.2	79.52
210420B	254.313	42.558	2.1	158.8
210419C	212.969	36.011	2.1	73.00
210419A	86.912	-65.452	2.7	64.43
210411C	296.601	-39.399	1.0	12.80
210410A	269.741	45.359	1.0	52.88
210402A	198.265	44.510	1.2	238.7
210323A	317.945	25.352	1.4	1.12
210321A	87.887	70.109	1.6	8.21
210318B	264.228	-35.823	1.0	14.95
210318A	33.892	-37.755	2.9	48.00
210308A	67.083	37.429	1.0	5.3
210307A	119.244	-66.965	2.1	262
210306A	129.964	60.203	1.0	9.12
210305A	319.808	34.548	1.0	68.6
210226A	124.153	57.585	1.5	20.80
210222B	154.631	-14.946	2.0	12.82
210218A	47.318	35.322	1.4	240
210217A	97.578	68.715	1.4	4.22
210212A	72.249	7.215	1.9	80.0
210211A	269.408	-46.270	1.4	6.1
210210A	262.764	14.657	1.0	6.60
210209A	328.097	43.545	1.6	139.4
210207B	270.614	53.700	1.4	95.69
210205A	347.264	56.311	2.1	22.70
210112A	219.005	33.058	1.2	107.60
210104B	53.561	37.951	1.7	19.94
210104A	103.771	64.675	1.0	32.06
201229A	210.692	48.209	2.6	53.3
201223A	132.735	71.176	1.4	29.0
201221D	171.055	42.152	1.3	0.16
201221A	214.488	-45.406	1.6	44.5
201216C	16.364	16.538	1.0	48.0
201209A	23.096	-1.762	1.1	48.0
201203A	38.055	-26.505	1.9	12.18
201128A	223.091	26.716	2.4	5.41
201104B	5.215	7.834	1.0	8.66
201029A	229.607	44.473	2.0	120.55
201027A	155.954	-5.499	1.9	546.73
201026A	196.696	83.807	1.2	135.38
201024A	125.959	3.357	1.6	5.00
201021C	12.503	-55.862	1.3	24.38
201020A	261.239	31.428	1.2	14.17
201017A	36.587	66.663	2.3	22.08
201015A	354.310	53.446	2.9	9.78
201014A	20.834	27.722	2.5	36.2
201013A	107.392	57.031	1.0	7.36
201008A	161.744	46.101	5	~2.5
201006A	61.917	65.148	2.1	0.49
201001A	110.050	-2.213	1.9	15.2
200925B	246.892	78.393	1.2	18.25
200922A	296.954	-55.199	1.0	10.30
200917A	235.742	-4.695	2.0	19.4
200907B	89.019	6.905	1.8	0.83
200906A	272.284	67.887	1.4	70.90
200901B	217.860	-38.704	3.0	705.94
200901A	61.759	-59.901	1.1	20.37
200829A	251.136	72.363	1.8	13.04
200819A	21.527	63.061	2.1	23.62
200809B	15.9406	-73.8459	4	n/a
200806A	52.933	37.076	1.0	38.8
200729A	184.360	45.571	2.3	122.0
200716C	196.011	29.636	1.0	86
200714E	196.8656	-51.6403	5	n/a
200713A	76.941	-32.846	2.8	48.98
200711A	285.975	-0.134	1.4	29.39
200630A	91.389	-60.779	1.9	14.83
200612A	302.691	-45.354	1.5	171.48
200529A	238.756	-11.076	1.2	79.57
200528A	176.637	58.185	1.0	58.7
200522A	5.668	-0.264	1.6	0.62
200519A	255.319	-30.393	1.0	71.88
200512A	7.417	-2.217	1.5	74.0
200509A	116.415	-4.634	1.7	828.2
200425A	85.217	-13.399	2.0	81.0
200416A	335.691	-7.525	1.4	5.04
200411A	47.686	-52.320	1.6	0.22
200410A	299.644	51.745	2.9	108.8
200409A	60.555	-50.243	2.7	17.91
200324A	222.682	35.931	1.1	n/a
200306C	198.577	11.263	1.3	53.5
200306A	101.114	-62.010	1.0	32.87
200303A	212.695	51.358	1.0	94.2
200228B	252.007	16.964	2.5	7.37
200227A	56.433	9.489	1.0	32.8
200224A	248.743	41.666	3.5	45.0
200219A	342.595	-59.101	2.4	288.0
200216B	160.452	19.468	1.0	81.3
200215A	34.100	12.775	1.0	11.7
200205B	107.760	-56.488	1.8	458.0
200131A	3.067	51.121	1.2	32.74
200127A	295.206	44.934	2.4	216.9
200125A	228.069	-8.142	1.8	350.83
200122A	210.010	27.548	1.0	174.96
200109A	307.116	52.988	1.2	112.0
200107B	107.067	-83.716	1.2	86.68
191228A	5.341	-8.650	2.4	166.9
191221B	154.831	-38.152	1.1	48.00
191220A	281.335	26.679	3.0	175.55
191123A	215.289	22.823	2.2	275.1
191122A	54.290	-32.176	1.0	153.3
191106A	269.356	46.046	1.7	3.42
191101A	251.845	43.740	1.7	137.95
191031D	283.269	47.645	1.4	0.29
191031C	115.880	-62.322	1.3	93.2
191029A	352.140	-40.464	1.8	39.5
191024A	10.129	-67.138	1.3	7.08
191019A	340.035	-17.340	1.0	64.35
191017B	245.131	-73.583	1.8	5.95
191016A	30.268	24.508	1.5	219.70
191011A	44.729	-27.853	1.5	7.37
191004B	49.200	-39.637	1.0	37.7
191004A	31.716	-36.932	1.1	2.44
190926A	100.616	59.531	2.3	368.9
190829A	44.542	-8.958	1.9	58.2
190828B	251.838	27.287	1.0	66.6
190824A	215.323	-41.900	1.7	169.4
190821A	250.070	-34.027	1.3	57.1
190816A	341.183	-29.745	1.7	375.0
190719C	240.208	13.005	1.2	185.7
190718A	336.605	-41.184	2.4	720.0
190706B	107.443	-29.575	2.2	25.16
190701A	28.131	58.899	2.4	52.4
190630C	293.890	-32.759	1.1	38.4
190630B	223.729	41.528	2.0	5.6
190627A	244.843	-5.302	2.7	1.60
190613B	305.434	-4.655	1.9	160.84
190613A	182.552	67.244	2.2	17.6
190611A	324.689	-56.070	3.0	41.8
190604B	297.546	-32.975	1.0	220.2
190519A	114.758	-38.813	1.7	45.58
190515B	98.826	52.322	1.5	46.4
190511A	126.443	-20.252	1.5	27.7
190422A	182.126	-60.167	2.4	n/a
190324A	49.603	-47.212	1.0	28.4
190320A	117.824	-45.876	1.9	64.0
190311A	212.067	53.486	1.3	17.0
190220A	330.128	-76.669	1.3	10.0
190219A	189.686	76.606	1.6	167.8
190211A	196.652	41.976	2.3	12.48
190204A	351.491	54.884	1.0	26.4
190203A	22.603	55.736	1.0	96
190202A	166.506	9.393	1.9	19.4
190123A	53.175	45.505	1.7	24.4
190114C	54.503	-26.938	1.0	361.5
190114B	174.868	18.882	2.3	26.5
190114A	65.543	2.196	1.7	66.6
190109B	55.563	63.592	1.4	5.92
190109A	33.213	38.111	1.0	115.0
190106A	29.877	23.839	1.0	76.8
190103B	212.561	35.254	1.3	19.5
181228A	49.831	13.212	1.0	257.3
181213A	248.210	78.500	1.9	15.31
181203A	108.341	-39.783	1.3	15.30
181202A	280.737	27.976	2.0	6.56
181126A	152.350	-29.698	1.5	2.09
181123B	184.354	14.619	1.9	0.26
181110A	302.330	-36.878	1.4	138.4
181103A	197.093	52.220	2.0	8.38
181030A	146.916	14.657	1.1	304.7
181023A	248.322	19.581	2.0	58.0
181022A	56.808	-29.374	2.6	6.74
181020A	13.987	-47.372	1.0	238.0
181013A	207.661	40.107	3.3	104.1
181010A	52.574	-23.023	1.4	16.4
181003A	52.481	-33.991	1.7	21.5
181002A	64.739	15.248	1.8	63.4
180930A	76.894	-25.124	2.2	6.80
180925A	315.212	-64.450	1.5	81.70
180924A	49.207	-58.524	1.4	95.1
180905A	91.038	-4.592	1.7	165.3
180904A	274.260	46.640	2.4	5.40
180828A	268.704	-25.791	1.0	14.0
180823A	210.358	14.901	1.0	80.3
180821A	7.739	-38.612	2.3	64.00
180818B	104.227	39.310	1.7	134.4
180818A	169.698	-48.344	2.3	13.7
180812A	245.839	74.674	2.3	16.51
180809B	299.712	-15.293	1.0	233.2
180805B	25.877	-17.475	3.1	122.5
180805A	167.575	-45.327	2.1	1.68
180728A	253.574	-54.037	1.0	8.68
180727A	346.639	-63.066	1.1	1.1
180721A	347.708	4.871	1.8	47.6
180720C	265.655	-26.634	1.7	124.2
180720B	0.528	-2.925	1.2	n/a
180709A	38.086	60.333	1.6	215.1
180706A	181.687	66.044	1.1	42.7
180705A	212.605	-11.640	2.1	123.2
180704A	32.605	69.965	1.3	19.7
180630A	48.885	-87.476	1.0	18.85
180626A	243.569	14.759	1.0	30.07
180624A	318.096	-2.356	1.3	486.4
180623A	214.528	-60.268	1.0	114.9
180620B	357.514	-57.954	1.0	198.8
180620A	279.890	23.239	1.0	23.16
180618A	169.948	73.825	1.5	47.4
180614A	3.073	46.969	1.9	7.04
180613A	211.545	-43.082	1.8	50.8
180602A	142.343	32.080	1.5	45.4
180514A	197.382	36.970	1.3	46.9
180512A	201.940	21.404	1.9	24.0
180510B	77.965	-62.320	1.7	134.3
180510A	276.335	-31.917	1.0	40.4
180504A	331.144	-14.665	1.3	88.3
180425A	64.450	-32.949	1.5	11.2
180418A	170.132	24.925	1.2	2.29
180411A	356.840	66.790	1.0	77.5
180410A	95.974	12.804	1.9	100.7
180404B	53.390	-50.213	1.0	111.5
180404A	83.540	-37.168	1.1	35.2
180402A	251.923	-14.928	2.0	0.18
180331B	196.781	61.735	2.0	147.0
180331A	66.005	13.386	1.9	48.0
180329B	82.905	-23.694	1.8	210.0
180325A	157.416	24.461	1.1	94.1
180324A	76.581	56.744	1.4	7.2
180316A	265.422	0.737	1.5	87.0
180314B	297.855	23.634	2.0	73.0
180314A	99.208	-24.530	3.1	51.2
180311A	3.379	-54.491	2.3	23.0
180224A	202.675	38.073	1.3	10.9
180222A	256.537	-36.819	1.6	64.0
180205A	126.819	11.536	1.1	15.5
180204A	330.123	30.852	1.1	1.16
180115A	12.040	-15.632	1.8	40.9
180111A	149.782	48.254	1.0	50.6
180103A	159.585	-53.555	3	n/a
180102A	203.078	62.161	1.5	10.8
171222A	148.273	35.624	1.7	174.8
171216A	212.013	-50.500	2.1	30.0
171212A	293.920	20.597	1.7	320
171211A	98.154	-58.689	1.8	2.32
171209A	139.387	-30.523	1.2	161.7
171205A	167.423	-12.599	1.6	189.4
171123A	186.198	32.503	2.4	58.5
171120A	163.774	22.461	1.2	64
171115A	278.392	9.118	1.5	38.2
171102B	288.096	22.434	2.1	17.8
171027A	61.683	-2.601	1.2	96.6
171020A	39.260	15.199	1.8	41.9
171010B	34.123	-54.410	1.6	30.4
171007A	135.635	42.930	3.6	105
171004A	139.150	52.684	1.3	107.1
171001A	22.080	-11.928	2.2	22.8
170921A	26.840	30.880	1.8	28.9
170912B	215.464	-61.997	1.0	19.6
170912A	167.386	-54.343	2.1	21.9
170906C	128.659	70.805	1.0	48.4
170906B	232.221	-28.251	3	n/a
170906A	203.949	-47.088	1.3	88.1
170903A	254.532	34.985	1.3	29.2
170827A	276.189	-40.202	1.9	94.0
170822A	94.375	55.000	2.1	64
170813A	201.057	-5.527	3.4	75.5
170810A	187.928	3.664	1.0	152.4
170804A	6.404	-64.781	1.3	43.4
170803A	174.947	-16.312	1.0	3.82
170728B	238.019	70.111	2.3	47.7
170728A	58.901	12.169	2.1	1.25
170714A	34.322	1.962	2.2	n/a
170711A	45.782	47.845	1.0	31.3
170710A	231.851	-38.523	3.5	32.6
170705A	191.708	18.298	1.0	217.3
170629A	129.963	-46.585	1.3	34.4
170626A	165.409	56.479	1.0	12.94
170607A	7.358	9.225	1.0	n/a
170604A	342.645	-15.406	1.4	26.70
170531B	286.901	-16.414	1.5	164.13
170531A	121.218	-14.017	2.4	26.74
170526A	4.723	1.277	2.4	7.9
170524B	90.864	-17.086	3	46.4
170524A	319.488	48.603	2.0	0.10
170519A	163.429	25.374	1.5	216.4
170516A	41.543	-55.929	1.6	36.78
170428A	330.051	26.913	1.2	0.20
170419A	79.854	-21.433	1.7	8.18
170405A	219.824	-25.236	1.3	164.7
170331A	323.778	-24.406	2.0	17.57
170330A	283.331	-13.458	1.6	144.73
170318B	284.229	6.335	3.7	160.0
170318A	305.662	28.408	1.2	133.7
170317A	93.087	50.500	1.0	11.94
170311A	280.539	-30.041	2.0	6.32
170306A	263.087	-44.765	2.4	17.8
170208B	127.145	-9.027	1.0	128.07
170208A	166.544	-46.786	1.4	7.45
170206B	271.784	11.175	2.2	13.36
170205A	262.157	-0.058	1.0	26.1
170202A	152.526	5.021	1.0	46.2
170127B	19.997	-30.340	1.9	0.51
170127A	174.382	-45.827	2.4	62.26
170126A	263.623	-64.755	1.0	9.5
170115A	332.145	13.750	1.9	48.0
170113A	61.735	-71.933	1.3	20.66
170111A	20.688	-32.541	2.1	29.9
161224A	204.820	-18.028	1.9	47.04
161220A	350.841	-47.480	2.0	6
161219B	91.717	-26.801	1.0	6.94
161217A	150.658	52.344	2.1	18.2
161214B	3.857	7.342	1.0	24.8
161202A	356.904	19.652	1.0	n/a
161129A	316.221	32.137	1.8	35.53
161117B	298.830	-67.681	1.5	152.51
161117A	322.053	-29.612	1.0	125.7
161113A	179.794	-5.316	1.0	42.60
161108A	180.776	24.905	1.9	105.1
161105A	120.198	-44.763	1.2	177.3
161104A	77.906	-51.447	1.8	0.1
161022A	128.988	54.366	2.1	7.3
161017A	142.770	43.125	1.0	216.3
161014A	332.626	7.467	1.5	18.3
161011A	245.687	8.313	2.4	4.3
161007A	103.408	23.289	1.6	201.7
161004B	112.156	-39.896	1.0	15.9
161004A	263.127	-0.947	2.2	~1.3 to ~3
161001A	71.923	-57.261	1.0	2.6
160927A	256.268	17.334	1.8	0.48
160917A	295.652	46.400	1.5	16
160912A	301.595	57.585	2.7	n/a
160905A	162.249	-50.803	1.0	64
160826A	183.120	-67.664	2.6	52.6
160824A	80.087	40.039	1.2	99.3
160821B	280.005	62.387	1.4	0.48
160815A	288.616	84.298	1.0	8.6
160804A	221.652	10.002	1.3	144.2
160801A	212.763	13.485	1.8	2.85
160716A	190.502	-61.364	2.0	6.39
160712A	304.166	-26.965	1.3	n/a
160705B	168.107	46.707	2.3	54.4
160703A	287.414	36.913	1.0	44.4
160630A	198.238	-56.029	1.4	29.50
160625A	176.939	-65.142	1.0	53.9
160624A	330.210	29.667	2.6	0.2
160611A	164.417	-70.396	1.2	34.1
160607A	13.661	-4.952	1.0	33.4
160601A	234.923	64.532	1.9	0.12
160525B	149.438	51.197	2.2	0.29
160506A	265.857	-46.127	1.6	254.5
160504A	170.073	56.002	1.7	53.9
160501A	286.389	-17.249	1.8	118
160425A	280.339	-54.343	3.5	304.58
160424A	319.482	-60.408	1.2	6.3
160417A	120.260	7.646	1.9	15
160412A	33.074	-67.636	1.0	31.6
160411A	349.370	-40.258	2.4	0.36
160410A	150.695	3.461	1.5	8.2
160408A	122.561	71.128	1.8	0.32
160327A	146.698	54.018	1.0	28
160325A	15.697	-72.702	1.0	64.9
160321A	99.420	5.753	1.6	33.6
160314A	112.766	17.024	1.7	8.73
160313A	183.821	57.278	2.0	42.6
160303A	168.710	22.710	2.1	5.0
160228A	107.311	26.946	1.3	98.36
160227A	195.034	78.672	2.8	316.5
160225A	164.217	53.659	1.9	157
160223A	147.603	9.369	1.0	127
160220B	259.851	-18.123	1.0	31.4
160220A	236.942	-18.539	1.8	8.3
160216A	311.679	-71.550	1.0	11.0
160203A	161.967	-24.772	1.7	20.2
160131A	78.170	-7.037	1.1	325
160127A	225.966	0.080	1.8	6.16
160123A	150.277	-33.790	1.6	3.95
160121A	109.080	-23.590	1.2	12.0
160119A	211.916	20.453	2.0	116
160117B	132.190	-16.340	3	n/a
160117A	20.367	-0.677	1.8	118.58
160104A	76.808	11.334	1.7	16.2
151229A	329.363	-20.732	1.0	1.78
151228B	344.431	8.081	1.0	48.0
151215A	93.622	35.529	2.8	17.8
151210A	65.080	-71.225	1.8	94.9
151205A	229.291	35.767	1.3	62.8
151127A	19.664	-82.762	2.8	0.19
151118A	57.169	65.889	1.4	23.4
151114A	120.947	-61.033	1.8	4.86
151112A	2.050	-61.680	2.6	19.32
151111A	56.850	-44.154	1.0	76.93
151031A	83.189	-39.125	1.3	5.00
151029A	38.537	-35.356	1.8	8.95
151027B	76.188	-6.428	2.4	80.00
151027A	272.498	61.361	1.1	129.69
151023A	271.012	-8.289	1.8	10.66
151022A	349.223	55.812	2.3	116.7
151021A	337.647	-33.189	1.0	110.2
151006A	147.426	70.508	1.0	203.9
151004A	213.613	-64.956	2.3	128.40
151001B	336.974	64.637	2.1	109
151001A	233.722	10.984	1.1	8.94
150925A	227.538	-19.640	2.0	121
150915A	319.675	-34.874	2.3	164.7
150911A	67.428	5.731	1.0	7.2
150910A	5.677	33.466	2.3	112.2
150907B	255.265	-63.798	1.8	62.0
150831B	271.030	-27.243	2.0	6.2
150831A	221.034	-25.619	1.3	1.15
150821A	341.913	-57.883	1.7	172.1
150819A	42.340	9.787	2.8	52.1
150818A	230.340	68.342	1.1	123.3
150817A	249.635	-12.050	1.0	38.8
150811A	291.347	-15.434	1.9	34.00
150801B	82.961	-5.374	1.4	426
150728A	292.271	33.906	2.6	0.83
150727A	203.968	-18.320	1.0	88
150724A	97.549	-19.147	1.9	280
150722A	218.297	-35.196	2.8	67
150720A	119.577	-28.281	1.5	151
150716A	278.481	-12.978	1.1	44
150711A	221.624	-35.464	1.0	64.2
150710B	83.191	-46.960	1.2	15
150710A	194.484	14.309	1.5	0.15
150626B	187.627	66.794	1.9	48.0
150626A	111.353	-37.803	1.9	144
150616A	314.713	-53.403	1.2	599.5
150615A	107.554	-22.466	1.8	27.6
150607A	140.015	68.436	1.2	26.3
150530A	327.511	57.519	1.2	6.62
150527A	288.962	4.195	1.0	112
150430A	326.481	-27.919	1.6	107.1
150428B	292.661	4.114	1.3	130.9
150428A	188.539	6.967	1.2	53.2
150424A	152.305	-26.646	1.0	91
150423A	221.601	12.264	1.9	0.22
150403A	311.505	-62.706	1.0	40.90
150323C	192.625	50.165	2.4	159.4
150323B	260.447	38.316	1.5	~60
150323A	128.173	45.442	2.07	149.6
150318A	324.990	-61.461	1.2	83.88
150317A	138.995	55.477	1.7	23.29
150314A	126.661	63.839	1.0	14.79
150309A	277.004	86.417	1.9	242
150302A	175.515	36.852	2.8	23.74
150301B	89.159	-57.969	1.0	12.44
150301A	244.281	-48.732	1.9	0.48
150222A	198.787	-12.151	1.0	15.90
150213B	253.448	34.165	1.8	181
150212A	285.497	47.389	1.2	11.4
150211A	254.846	55.390	1.0	13.6
150206A	10.076	-63.181	1.0	83.2
150204A	160.241	-64.043	1.5	12
150203A	98.394	6.952	1.1	25.8
150202A	39.261	-33.132	1.7	25.7
150201A	11.820	-37.620	1.7	26.1
150120B	39.309	8.064	2.3	24.30
150120A	10.330	33.980	1.5	1.20
150110B	289.374	32.529	1.2	10.6
150103A	131.674	-48.896	2.0	49.1
150101B	188.044	-10.956	2.5	0.018
150101A	312.599	36.669	2.5	0.060
141229A	n/a	n/a	n/a	7
141225A	138.754	33.774	2.2	40.24
141221A	198.283	8.197	1.1	36.9
141220A	195.058	32.146	1.2	7.21
141212B	250.866	31.749	1.0	10.5
141212A	39.167	18.163	1.9	0.30
141130A	222.804	47.323	1.4	62.9
141121A	122.665	22.206	2.1	549.9
141109B	222.453	73.141	2.6	54.2
141109A	144.563	-0.581	3.0	200
141031B	356.883	41.355	2.2	16.0
141031A	128.632	-59.160	1.4	920
141026A	44.049	26.925	1.9	146
141022A	241.930	-72.152	2.2	8.72
141020A	225.054	55.328	1.7	15.55
141017A	93.601	-58.596	2.1	55.7
141015A	87.535	18.370	2.2	11.0
141005A	291.103	36.098	1.7	4.34
141004A	76.721	12.828	1.0	3.92
140930B	6.360	24.298	1.6	0.84
140927A	291.802	-65.400	2.2	6.26
140919A	221.540	-32.153	1.5	151.3
140916A	40.384	-39.688	2.4	80.1
140909A	193.638	63.494	n/a	n/a
140907A	48.133	46.596	1.4	79.2
140903A	238.021	27.608	1.0	0.30
140824A	206.627	33.285	1.7	3.09
140818B	271.168	-1.354	2.1	18.1
140817A	127.244	58.191	1.0	244
140730A	56.350	-66.580	2.1	41.3
140719A	171.571	-50.115	2.4	48
140716A	108.133	-60.150	1.5	104
140713A	281.141	59.623	1.2	5.30
140710A	41.088	35.499	1.8	3.52
140709B	146.040	63.536	1.1	155.0
140709A	304.666	51.222	1.0	98.6
140706A	49.269	-38.058	1.1	48.3
140703A	13.010	45.102	1.6	67.1
140629A	249.017	41.897	1.8	42.0
140628A	40.672	-0.378	1.0	10.5
140626A	77.163	-82.625	1.5	16.4
140622A	317.153	-14.412	2.5	0.13
140619A	27.096	-39.249	1.8	233.9
140614B	322.636	14.895	2.1	49.8
140614A	231.171	-79.110	2.4	720
140611A	349.939	-40.111	4	1.9
140610A	286.261	3.899	1.0	n/a
140529A	228.810	-41.042	1.2	4.5
140518A	227.231	42.396	1.8	60.5
140516A	252.972	39.958	2.6	0.19
140515A	186.071	15.099	1.2	23.4
140512A	289.366	-15.087	1.1	154.8
140509A	46.564	-62.662	1.9	23.20
140506A	276.806	-55.556	1.6	111.1
140502A	319.172	48.975	1.2	16.9
140430A	102.942	23.033	1.0	173.6
140428A	194.365	28.331	2.2	17.42
140423A	197.276	49.838	1.0	134
140419A	127.001	46.234	1.0	94.7
140413A	65.439	-51.188	1.3	139.6
140412A	145.032	-65.826	1.7	39.6
140408A	290.723	-12.585	1.9	4.00
140331A	134.860	2.755	3.2	209
140323A	356.975	-79.916	1.0	104.9
140320A	281.843	-11.188	2.4	0.45
140318A	184.049	20.225	2.1	8.43
140311B	252.333	52.733	1.2	70
140311A	209.293	0.607	3.8	71.4
140304A	30.653	33.480	1.0	15.6
140302A	253.862	-12.875	1.1	87.5
140301A	69.521	-34.249	1.9	31.0
140215A	104.129	41.787	1.1	84.2
140213A	105.166	-73.136	1.0	60.0
140211A	124.233	20.237	1.4	89.4
140209A	81.328	32.488	1.0	21.3
140206A	145.321	66.762	1.0	93.6
140129B	326.764	26.215	2.1	1.36
140129A	37.851	-1.594	2.2	2.99
140114A	188.498	27.942	1.9	139.7
140108A	325.129	58.749	1.0	94
140103A	232.114	37.752	1.7	17.3
140102A	211.915	1.332	1.0	65
131229A	85.236	-4.401	1.0	13.86
131227A	67.369	28.879	1.3	18.0
131205A	131.573	-60.181	2.8	37.5
131202A	344.005	-21.650	2.6	30.4
131128A	355.305	31.293	1.6	3.00
131127A	332.714	36.596	1.8	92.1
131117A	332.354	-31.761	1.8	11.00
131105A	70.973	-63.005	1.5	112.3
131103A	348.948	-44.645	1.8	17.3
131031A	29.618	-1.603	4	n/a
131030A	345.074	-5.380	1.0	41.1
131024B	144.464	44.284	2.1	64.00
131024A	290.544	-64.599	2.0	112.00
131018A	98.473	-19.897	1.3	73.22
131004A	296.108	-2.952	1.1	1.54
131002B	75.135	-75.701	1.2	39.10
131002A	253.103	82.036	3.9	55.59
130929A	135.028	-47.554	1.6	11.10
130925A	41.186	-26.146	1.0	n/a
130912A	47.606	13.999	1.6	0.28
130907A	215.898	45.602	1.0	>360
130831B	192.454	-29.187	2.1	37.8
130831A	358.635	29.431	1.0	32.5
130822A	27.940	-3.219	3	n/a
130816B	170.049	-57.527	1.6	10.00
130816A	197.093	-58.996	2.6	29.97
130812A	92.387	-13.285	1.0	7.6
130807A	269.801	-27.616	1.7	n/a
130806A	35.907	67.525	1.6	6.1
130803A	220.256	-2.499	1.1	44
130727A	330.790	-65.540	1.0	13.57
130725B	214.233	-11.124	1.2	10.0
130725A	230.060	0.624	2.5	101.8
130722A	260.670	-2.979	3	n/a
130716A	179.581	63.057	2.5	n/a
130701A	357.224	36.100	1.0	4.38
130627B	181.914	-55.706	1.8	28.6
130627A	184.415	-37.114	2.8	30.8
130625A	343.336	82.171	1.3	38.1
130623A	20.723	-77.784	4	15
130615A	274.963	-68.161	2.9	304
130612A	259.771	16.729	2.0	4.0
130610A	224.414	28.187	2.4	46.4
130609B	53.776	-40.168	1.0	210.6
130609A	152.680	24.124	1.2	7.0
130608A	24.597	41.492	2.5	151.38
130606A	249.390	29.796	2.0	276.58
130605A	134.536	-33.477	1.7	12.6
130604A	250.166	68.225	1.1	37.7
130603B	172.222	17.063	1.0	0.18
130603A	86.859	82.910	1.6	76
130529A	24.274	-64.143	1.9	128
130528A	139.405	87.300	1.0	59.4
130527A	309.282	-24.726	1.1	44
130518A	355.671	47.478	2.9	n/a
130515A	283.436	-54.283	1.6	0.29
130514A	296.278	-7.974	1.0	204
130511A	196.654	18.709	2.3	5.43
130508A	305.351	34.966	2.2	42
130505A	137.060	17.485	1.5	88
130504A	272.459	-16.320	1.7	50
130502A	138.579	-0.134	1.8	3.0
130427B	314.900	-22.548	1.4	27.0
130427A	173.150	27.706	1.0	162.83
130420B	183.095	54.376	1.1	10.2
130420A	196.118	59.421	1.0	123.5
130418A	149.045	13.674	1.9	>300
130408A	134.398	-32.363	2.2	28
130327A	91.984	55.732	2.2	9.0
130315A	157.541	-51.794	1.3	233.4
130313A	236.438	-0.355	2.6	0.26
130306A	279.475	-11.682	1.6	n/a
130305A	116.774	52.037	1.8	n/a
130211A	147.524	-42.330	2.1	25.1
130206A	140.387	-58.193	1.9	128.0
130131B	173.957	15.033	1.7	4.30
130131A	171.091	48.064	2.1	51.6
130122A	194.307	59.003	3.0	64
130102A	311.435	49.838	2.3	77.5
121229A	190.095	-50.588	2.8	n/a
121226A	168.620	-30.413	2.0	1.00
121217A	153.708	-62.354	1.0	778
121212A	177.787	78.052	2.1	6.8
121211A	195.575	30.173	4.9	182
121209A	326.800	-8.232	1.7	42.7
121202A	256.790	23.942	1.2	20.1
121201A	13.473	-42.929	2.3	85
121128A	300.589	54.301	1.0	23.3
121125A	228.519	55.318	1.2	52.2
121123A	307.334	-11.873	1.8	317
121117A	31.617	7.432	1.1	30
121108A	83.216	54.520	2.2	89
121102A	270.896	-16.951	1.0	24.7
121031A	170.772	-3.513	1.0	226
121028A	271.903	-2.298	1.5	3.8
121027A	63.598	-58.839	1.0	62.6
121024A	70.481	-12.255	1.7	69
121017A	288.820	-1.602	1.5	4.2
121011A	260.204	41.123	1.8	75.6
121001A	276.029	-5.667	2.4	147
120927A	136.606	0.420	1.0	43
120923A	303.781	6.255	2.1	27.2
120922A	234.758	-20.181	1.2	173
120911A	357.966	63.090	1.6	17.8
120909A	275.735	-59.432	1.2	n/a
120907A	74.736	-9.323	2.0	16.9
120819A	235.887	-7.304	2.9	71
120817A	250.692	-38.377	1.5	28.2
120816A	282.133	-6.981	2.5	7.6
120815A	273.976	-52.125	1.8	9.7
120811C	199.690	62.297	1.0	26.8
120811A	257.184	-22.735	2.6	166
120807A	241.273	-47.455	2.1	20.0
120805A	216.536	5.853	2.2	48.00
120804A	233.951	-28.768	1.0	0.81
120803B	314.223	53.298	1.0	37.5
120802A	44.833	13.762	1.1	50
120729A	13.078	49.936	1.0	71.5
120728A	137.085	-54.437	1.4	22.06
120724A	245.193	3.535	2.1	72.8
120722A	230.489	13.249	3.4	42.4
120714A	167.975	-30.625	1.6	16.2
120712A	169.598	-20.051	1.0	14.7
120711B	331.710	59.996	3.2	60
120703A	339.353	-29.726	1.0	25.2
120701A	80.338	-58.531	1.3	13.8
120612A	126.723	-17.598	1.7	90
120521C	214.288	42.144	1.0	26.7
120521B	197.016	-52.742	1.6	31.4
120521A	148.692	-49.422	1.7	0.45
120514A	283.002	-4.258	1.1	164.4
120422A	136.915	13.974	2.0	5.35
120404A	235.002	12.883	1.2	38.7
120403B	54.302	-89.029	2.4	7.3
120401A	58.057	-17.658	2.5	n/a
120328A	241.607	-39.322	1.8	24.2
120327A	246.854	-29.415	1.1	62.9
120326A	273.906	69.248	1.0	69.6
120324A	291.081	24.140	1.1	118
120320A	212.517	8.682	1.6	25.74
120312A	251.812	23.881	2.1	14.2
120311B	258.551	-13.068	1.3	28.2
120311A	273.075	14.297	1.1	3.5
120308A	219.123	79.674	1.3	60.6
120305A	47.549	28.495	1.0	0.10
120302A	122.426	29.642	2.3	n/a
120224A	40.937	-17.779	2.4	8.13
120219A	129.862	51.006	2.2	90.5
120215A	30.057	8.790	2.3	26.5
120213A	300.987	65.413	1.0	48.9
120212A	43.086	-18.043	1.6	5.52
120211A	87.781	-24.795	2.1	61.7
120121A	249.363	-23.963	1.4	26.1
120119A	120.029	-9.076	1.0	253.8
120118B	124.862	-7.178	1.3	23.26
120116A	16.240	33.927	1.0	41.0
120106A	66.129	64.050	1.3	61.6
120102A	276.224	24.713	1.0	38.7
111229A	76.561	-84.687	2.7	25.4
111228A	150.063	18.284	1.4	101.20
111225A	13.158	51.573	1.3	106.8
111215A	349.582	32.440	4.2	796
111212A	310.442	-68.585	1.8	n/a
111210A	191.493	-7.173	1.7	2.52
111209A	14.350	-46.799	1.0	n/a
111208A	290.2151	40.6686	2.2	n/a
111204A	336.651	-31.414	2.2	48.0
111201A	190.4854	32.9935	2.1	n/a
111129A	307.415	-52.722	2.3	7.6
111123A	154.845	-20.639	1.1	290.0
111121A	154.746	-46.670	1.1	119
111109A	118.248	-41.588	1.9	13.0
111107A	129.487	-66.520	1.2	26.6
111103B	265.691	1.605	1.0	167
111029A	44.785	57.101	1.2	7.6
111022B	108.927	49.663	2.0	79.1
111020A	287.029	-38.031	2.1	0.40
111018A	271.482	-3.880	2.0	36
111016A	153.826	27.474	2.2	550
111008A	60.439	-32.708	1.2	63.46
110928A	257.745	36.547	2.3	26.7
110921A	294.094	36.355	1.7	48.00
110915A	310.830	-0.713	1.2	78.76
110820A	343.203	70.298	2.1	256
110818A	317.373	-63.981	1.4	103
110808A	57.322	-44.177	2.7	48
110801A	89.415	80.958	1.1	385
110731A	280.513	-28.536	1.0	38.8
110726A	286.713	56.070	1.7	5.2
110719A	24.570	34.578	1.8	41.0
110715A	237.665	-46.237	1.0	13.0
110709B	164.668	-23.470	1.1	55.6
110709A	238.895	40.918	1.0	44.7
110610A	308.205	74.827	1.0	46.4
110530A	282.045	61.953	2.3	19.6
110521A	120.132	45.818	1.8	13.8
110520A	134.363	56.418	1.1	15.7
110503A	132.799	52.211	1.0	10.0
110422A	112.057	75.100	1.0	25.9
110420A	2.164	-37.877	1.0	11.8
110414A	97.876	24.349	1.6	152.0
110411A	291.427	67.706	1.0	80.3
110407A	186.022	15.726	1.5	145
110402A	197.432	61.247	1.7	60.9
110319B	326.088	-56.774	1.0	14.5
110319A	356.510	-66.008	1.0	19.3
110318B	211.691	-51.577	1.7	4.8
110315A	279.205	17.537	1.0	77
110312A	157.500	-5.259	2.3	28.7
110305A	260.877	-15.810	1.9	12.0
110223B	150.340	-68.329	2.0	54.0
110223A	345.386	87.586	2.5	7.0
110213A	42.978	49.278	1.4	48.0
110210A	13.108	7.778	3.2	233
110208A	22.487	-20.561	1.8	37.4
110205A	164.603	67.533	2.2	257
110128A	193.871	28.108	2.3	30.7
110119A	348.589	5.982	1.5	208
110112A	329.936	26.470	2.6	0.5
110107A	299.890	41.889	3	n/a
110106B	134.155	47.005	1.2	24.8
110106A	79.295	64.199	2.0	4.3
110102A	245.877	7.617	1.8	264
101225A	0.2037	44.5739	3.6	1088.0
101224A	285.939	45.706	2.1	0.2
101219B	12.259	-34.556	3.9	34
101219A	74.586	-2.527	1.0	0.6
101213A	241.297	21.905	1.1	135
101204A	167.548	-20.434	n/a	n/a
101201A	1.955	-16.196	2	n/a
101117B	172.991	-72.651	1.1	5.2
101114A	303.193	14.029	1.8	>10
101030A	166.390	-16.389	1.1	92.0
101024A	66.465	-77.261	1.1	18.7
101023A	317.949	-65.389	1.4	80.8
101017A	291.377	-35.141	1.0	70.0
101011A	48.274	-65.990	1.2	71.5
101008A	328.882	37.060	2.1	104
100915A	315.664	65.676	2.0	200
100906A	28.697	55.634	1.0	114.4
100905A	31.542	14.919	1.7	3.4
100902A	48.626	30.970	1.3	428.8
100901A	27.252	22.751	3.5	439
100823A	20.706	5.848	1.4	16.9
100816A	351.738	26.568	1.0	2.9
100814A	22.479	-17.990	1.0	174.5
100807A	55.283	67.665	1.9	7.9
100805A	299.846	52.618	2.0	15.0
100802A	2.482	47.752	1.1	487
100728B	44.051	0.296	1.5	12.1
100728A	88.753	-15.259	1.0	198.5
100727A	154.187	-21.417	1.6	84
100725B	290.029	76.955	1.2	200
100725A	166.468	-26.667	1.2	141
100724A	194.569	-11.095	1.7	1.4
100704A	133.639	-24.202	1.0	197.5
100625A	15.796	-39.091	1.0	0.33
100621A	315.309	-51.102	1.0	63.6
100619A	84.618	-27.012	1.0	97.5
100615A	177.208	-19.483	1.0	39
100614A	263.534	49.232	1.6	225
100606A	350.617	-66.234	1.1	480
100526A	230.792	25.623	2.0	102
100522A	6.990	9.397	1.0	35.3
100514A	328.821	29.170	3	n/a
100513A	169.606	3.617	1.5	84
100508A	76.263	-20.744	2.2	52
100504A	255.575	-35.590	1.0	97.3
100425A	299.161	-26.463	2.4	37.0
100424A	209.453	1.512	1.5	104
100420A	296.090	55.755	4.6	48
100418A	256.358	11.457	1.9	7.0
100413A	266.223	15.835	1.5	191
100316D	107.599	-56.275	3.0	n/a
100316C	32.309	-67.992	2.0	9.3
100316B	163.499	-45.464	1.4	3.8
100316A	251.953	71.819	1.7	7.0
100305A	168.373	42.381	1.9	69.7
100302A	195.504	74.568	1.7	17.9
100219A	154.202	-12.555	2.5	18.8
100213B	124.320	43.464	1.4	48.0
100213A	349.379	43.370	1.4	2.4
100212A	356.445	49.492	2.1	136
100206A	47.168	13.175	1.5	0.12
100205A	141.385	31.740	2.1	26.0
100117A	11.280	-1.586	1.7	0.3
100115A	3.333	-0.817	4	~3
100111A	247.029	15.539	1.2	12.9
091221	55.798	23.243	1.4	68.5
091208B	29.411	16.881	1.2	14.9
091130B	203.149	34.086	1.3	112.5
091127	36.581	-18.948	1.2	7.1
091109B	112.750	-54.092	1.2	0.3
091109A	309.252	-44.177	2.1	48
091104	208.723	47.391	2.6	99.3
091102	72.622	-72.527	1.2	6.6
091029	60.166	-55.954	1.0	39.2
091026	276.657	-86.113	1.1	41.6
091020	175.727	50.977	1.0	34.6
091018	32.191	-57.546	1.0	4.4
090929B	117.712	-0.645	1.4	360
090927	343.929	-70.973	1.6	2.2
090926B	46.310	-38.997	1.0	109.7
090915	237.990	15.480	3	8
090912	188.046	61.475	1.2	144.0
090904B	264.194	-25.219	1.2	47.0
090904A	100.855	50.235	3.0	122
090831C	108.294	-25.112	2.1	3.3
090814A	239.613	25.586	2.0	80
090813	225.065	88.571	1.3	7.1
090812	353.20	-10.609	1.0	66.7
090809	328.665	-0.083	2.0	5.4
090807	273.741	10.279	1.8	140.8
090728	29.644	41.632	1.9	59
090727	315.917	64.937	2.2	302
090726	248.681	72.866	1.7	67.0
090720	203.694	-10.335	3	n/a
090715B	251.337	44.837	1.0	266
090709A	289.944	60.728	1.0	89
090628	237.038	-15.969	1.7	20.1
090621B	313.455	69.034	1.7	0.14
090621A	10.987	61.938	1.7	n/a
090618	294.008	78.352	0.46	113.2
090530	179.400	26.590	1.9	48
090529	212.446	24.450	2.0	>100
090519	142.317	0.190	2.0	64
090518	119.957	0.778	1.2	6.9
090516A	138.246	-11.848	1.5	210
090515	164.166	14.469	2.1	0.036
090510	333.552	-26.598	1.7	0.3
090429B	210.672	32.167	1.3	5.5
090429A	90.573	-52.389	1.7	188
090426	189.082	32.978	1.7	1.2
090424	189.531	16.829	1.0	48
090423	148.891	18.165	1.1	10.3
090422	294.746	40.398	2.0	8.5
090419	197.006	-75.615	2.1	450
090418A	269.320	33.407	1.4	56
090417B	209.687	47.015	~1	>260
090407	68.979	-12.684	2.2	310
090404	239.233	35.518	1.0	84
090401B	95.095	-8.963	1.0	183
090313	198.400	8.086	2.2	79
090309A	284.978	-25.274	2.3	3.0
090308A	183.545	-48.754	3.4	48
090307A	245.007	-28.647	3.3	22
090205	220.917	-27.848	2.0	8.8
090201	92.051	-46.604	1.0	83
090123	6.794	-23.503	1.5	131
090113	32.067	33.436	1.0	9.1
090111	251.656	0.067	1.4	24.8
090102	128.248	33.107	1.4	27.0
081230	37.330	-25.145	1.4	60.7
081228	39.477	30.833	2.3	3.0
081222	22.748	-34.095	1.0	24
081221	15.801	-24.542	1.0	34
081211B	168.231	53.845	3.04	n/a
081211A	328.082	-33.818	2.3	3.5
081210	70.485	-11.263	1.0	146
081203B	228.789	44.427	3.04	23.4
081203A	233.071	63.514	1.1	294
081128	20.800	38.123	1.0	100
081127	332.075	6.858	2.4	37
081126	323.526	48.714	1.0	54
081121	89.282	-60.612	1.4	14
081118	82.572	-43.305	1.6	67
081109A	330.798	-54.711	1.0	190
081104	100.500	-54.722	1.3	59.1
081102	331.178	52.991	1.1	63
081029	346.776	-68.179	2.2	270
081028A	121.893	2.305	1.2	260
081024A	27.891	61.352	1.7	1.8
081016B	14.582	-43.536	2.3	2.6
081012	30.184	-17.627	1.8	29
081011	220.363	33.548	2.3	9
081008	279.968	-57.433	1.1	185.5
081007	339.963	-40.146	1.5	10.0
080928	95.061	-55.176	2.3	280
080919	265.221	-42.375	1.9	0.6
080916B	163.632	69.061	2.1	32
080916A	336.289	-57.026	1.0	60
080913	65.741	-25.127	1.5	8
080906	228.055	-80.540	1.7	147
080905B	301.746	-62.568	1.9	128
080905A	287.663	-18.865	2.1	1.0
080903	86.790	51.256	1.0	66
080810	356.783	0.310	1.2	106
080805	314.231	-62.433	1.0	78
080804	328.675	-53.189	1.2	34
080727C	32.638	64.130	1.0	79.7
080727B	276.871	1.173	1.0	8.6
080727A	208.416	-18.572	2.4	4.9
080723A	274.461	-6.910	1.6	17.3
080721	224.481	-11.709	1.3	16.2
080714	188.104	-60.274	1.0	33
080710	8.259	19.484	2.3	120
080707	32.627	33.100	1.8	27.1
080703	101.822	-63.211	2.2	3.4
080702B	355.616	-5.424	3.5	20
080702A	313.049	72.278	3.0	0.5
080701	45.944	75.481	1.4	18
080623	237.667	-62.044	1.4	15.2
080613B	173.806	-7.102	1.0	105
080607	194.964	15.910	1.0	79
080605	262.130	4.010	1.0	20
080604	236.960	20.557	2.0	82
080603B	176.554	68.061	1.0	60
080602	19.177	-9.239	1.7	74
080523	20.769	-64.060	1.7	102
080520	280.179	-54.964	2.4	2.8
080517	102.274	50.741	2.4	64.6
080516	120.661	-26.146	2.1	5.8
080506	329.467	38.961	2.5	150
080503	286.686	68.803	3.5	170
080430	165.331	51.682	1.0	16.2
080426	26.510	69.469	1.1	1.7
080413B	326.138	-19.981	1.0	8.0
080413A	287.301	-27.677	1.0	46
080411	37.961	-71.297	1.0	56
080409	84.304	5.078	2.0	20.2
080328	80.490	47.523	1.0	90.6
080325	277.906	36.516	2.0	128.4
080320	177.763	57.162	1.8	14
080319D	99.479	23.982	2.6	24
080319C	259.006	55.393	1.0	34
080319B	217.919	36.300	1.0	>50
080319A	206.352	44.080	1.7	64
080310	220.040	-0.164	1.4	365
080307	136.629	35.151	1.6	125.9
080303	112.019	-70.231	1.6	67
080229A	228.220	-14.697	1.5	64
080218B	177.927	-53.086	2.0	6.2
080212	231.145	-22.739	1.5	123
080210	251.259	13.826	1.1	45
080207	207.514	7.492	1.2	340
080205	98.261	62.782	1.5	106.5
080130	261.632	-53.190	2.8	65
080129	105.297	-7.840	2.4	48
080123	338.974	-64.930	4.1	115
071227	58.132	-55.959	1.7	1.8
071122	276.576	47.102	2.3	68.7
071118	299.839	70.130	2.7	71
071117	335.026	-63.442	1.0	6.6
071112C	39.218	28.368	1.0	15
071031	6.399	-58.048	2.1	180
071028A	119.828	21.473	2.2	27.0
071025	355.065	31.784	1.3	109
071001	149.707	-59.763	2	58.5
070810A	189.947	10.747	1.3	11.0
070808	6.761	1.180	1.2	32
070802	36.903	-55.517	2.0	16.4
070729	56.296	-39.330	2.2	0.9
070724A	27.824	-18.610	1.2	0.4
070721B	33.128	-2.198	1.2	340
070721A	3.144	-28.530	2.3	3.4
070714B	57.853	28.294	1.4	64
070714A	42.933	30.241	1.3	2.0
070704	354.707	66.257	1.6	380
070628	115.271	-20.281	1.3	39.1
070621	323.806	-24.809	1.0	33.3
070616	32.096	56.946	2.6	402.400
070612B	261.716	-8.747	1.1	13.500
070611	2.004	-29.756	1.9	12.200
070531	6.714	74.315	1.7	44.500
070529	283.717	20.648	1.7	109.200
070521	242.659	30.260	1.1	37.900
070520B	121.886	57.588	1.8	65.800
070520A	193.255	75.005	2.2	18.100
070518	254.219	55.289	1.8	5.500
070509	237.874	-78.657	1.7	7.700
070508	312.832	-78.382	1.0	20.900
070506	347.203	10.711	1.9	4.300
070429B	328.006	-38.857	1.8	0.470
070429A	297.695	-32.420	2.5	163.300
070420	121.245	-45.564	1.0	76.500
070419B	315.709	-31.266	1.0	236.400
070419A	182.755	39.903	2.3	115.600
070412	181.525	40.133	1.5	33.800
070411	107.342	1.061	1.5	121.500
070330	269.533	-63.799	1.9	9.000
070328	65.113	-34.079	1.0	75.300
070318	48.486	-42.950	1.0	74.600
070306	148.154	10.440	2.7	209.500
070227	120.578	-46.302	2.3	7
070224	178.988	-13.355	2.0	34.500
070223	153.453	43.132	1.2	88.500
070220	34.800	68.800	1.0	129.000
070219	260.220	69.345	1.9	16.600
070208	197.891	61.942	3.6	47.700
070129	36.995	11.728	2.7	460.600
070110	0.934	-52.978	1.1	88.400
070107	159.422	-53.202	1.1	347.300
070103	352.581	26.823	2.7	18.600
061222B	105.353	-25.866	1.2	40.000
061222A	358.254	46.524	1.2	71.400
061217	160.403	-21.152	2.2	0.210
061202	105.255	-74.602	4.0	91.200
061201	332.079	-74.568	1.2	0.760
061126	86.615	64.204	1.0	70.800
061121	147.228	-13.188	1.0	81.300
061110B	323.912	6.872	1.6	134.000
061110A	336.284	-2.252	1.1	40.700
061102	148.394	-17.022	2.6	45.600
061028	97.193	46.290	2.5	106.200
061021	145.146	-21.953	1.0	46.200
061019	91.675	29.527	3.1	183.800
061007	46.299	-50.496	1.0	75.300
061006	110.998	-79.195	1.8	129.900
061004	97.795	-45.903	1.0	6.200
061002	220.356	48.726	1.7	17.600
060929	263.148	29.825	2.8	554.000
060927	329.547	5.370	1.0	22.500
060926	263.926	13.039	1.4	8.000
060923B	238.193	-30.907	1.6	8.600
060923A	254.623	12.341	2.1	51.700
060919	276.900	-50.994	1.6	9.100
060912A	5.285	20.971	1.0	5.000
060908	31.828	0.335	1.1	19.300
060906	40.709	30.362	2.5	43.500
060904B	58.218	-0.729	1.0	171.500
060825	18.132	55.796	1.0	8.000
060814	221.338	20.591	1.0	145.300
060813	111.890	-29.844	1.0	16.100
060807	252.520	31.591	1.8	54.000
060805A	220.928	12.580	2.7	5.300
060804	112.219	-27.225	1.9	17.800
060801	212.989	16.988	1.8	0.490
060729	95.287	-62.221	4.1	115.300
060719	18.420	-48.381	1.3	66.900
060717	170.857	28.982	2.6	3.000
060714	227.855	-6.544	1.5	115.000
060712	184.067	35.540	2.2	26.300
060708	7.831	-33.751	1.0	10.200
060707	357.069	-17.904	1.4	66.200
060614	320.877	-53.027	1.0	108.700
060607A	329.705	-22.496	1.0	102.200
060605	322.128	-6.071	1.9	79.100
060604	337.224	-10.945	3.7	95.000
060526	232.834	0.288	1.4	298.200
060522	322.954	2.895	1.5	71.100
060515	127.277	73.561	1.5	52.000
060512	195.748	41.209	1.9	8.500
060510B	239.259	78.591	1.9	275.200
060510A	95.860	-1.163	1.3	20.400
060507	89.911	75.250	1.1	183.300
060505	331.772	-27.815	3.9	~4
060502B	278.927	52.618	2.4	0.131
060502A	240.937	66.604	1.0	28.400
060428B	235.369	62.016	1.6	57.900
060428A	123.540	-37.167	1.0	39.500
060421	343.629	62.730	1.0	12.200
060418	236.431	-3.640	1.0	103.100
060413	291.287	13.746	1.9	147.700
060403	282.338	8.327	1.0	30.100
060323	174.421	50.000	1.4	25.400
060319	176.379	60.038	2.0	10.600
060313	66.625	-10.858	1.0	0.740
060306	41.097	-2.163	1.0	61.200
060223B	254.238	-30.812	1.0	10.300
060223A	55.186	-17.134	1.2	11.300
060219	241.851	32.309	2.1	62.100
060218	50.380	16.910	2.5	~2100
060211B	75.085	14.959	1.8	27.700
060211A	58.381	21.489	1.5	126.300
060210	57.727	27.015	1.0	255.000
060206	202.933	35.046	1.0	7.600
060204B	211.805	27.675	1.0	139.400
060203	103.463	71.841	1.8	68.200
060202	35.809	38.377	2.1	198.900
060124	77.097	69.727	1.6	~750
060123	179.750	45.513	n/a	900
060116	84.698	-5.438	1.7	105.900
060115	54.007	17.339	2.0	139.600
060111B	286.456	70.380	1.5	58.800
060111A	276.193	37.600	1.0	13.200
060109	282.735	32.011	3.0	115.400
060108	147.013	31.935	1.3	14.300
060105	297.485	46.356	1.0	54.400
051221B	312.378	53.041	1.6	39.900
051221A	328.715	16.888	1.0	1.400
051210	330.192	-57.622	1.9	1.300
051117B	85.205	-19.286	2.4	9.000
051117A	228.398	30.868	1.0	136.300
051111	348.136	18.367	1.0	46.100
051109B	345.469	38.663	2.0	14.300
051109A	330.316	40.850	1.9	37.200
051021B	126.059	-45.534	1.3	46.500
051016B	132.123	13.629	1.6	4.000
051016A	122.814	-18.299	2.0	23.000
051008	202.865	42.103	1.0	>32
051006	110.807	9.510	1.4	34.800
051001	350.984	-31.515	2.3	189.100
050922C	317.383	-8.764	1.0	4.500
050922B	5.790	-5.607	2.6	150.900
050916	135.979	-51.406	2.9	49.500
050915B	219.109	-67.411	1.0	40.900
050915A	81.688	-28.014	1.4	52.000
050908	20.457	-12.950	1.5	19.400
050906	52.802	-14.621	3.3	0.258
050827	64.294	18.219	1.0	50.000
050826	87.761	-2.658	2.0	35.500
050824	12.264	22.602	2.1	22.600
050822	51.106	-46.030	1.7	103.400
050820A	337.416	19.560	1.1	26
050819	358.751	24.871	2.0	37.700
050815	293.584	9.139	1.9	2.900
050814	264.196	46.324	2.0	150.900
050813	242.001	11.244	2.8	0.450
050803	350.650	5.788	1.2	87.900
050802	219.283	27.799	1.3	19.000
050801	204.144	-21.930	1.5	19.400
050730	212.069	-3.754	1.3	156.500
050726	200.024	-32.064	1.8	49.900
050724	246.175	-27.526	1.9	96.000
050721	253.453	-28.386	1.9	98.400
050717	214.348	-50.541	1.0	85.000
050716	338.593	38.683	1.0	69.100
050714B	169.691	-15.547	2.4	46.700
050713B	307.821	60.936	2.1	54.200
050713A	320.585	77.072	1.0	124.700
050712	77.722	64.924	1.7	51.600
050701	227.241	-59.399	2.0	21.800
050603	39.982	-25.175	1.1	12.400
050525A	278.142	26.335	1.0	8.800
050509B	189.046	28.974	2.5	0.073
050509A	310.573	54.076	1.2	11.400
050505	141.760	30.266	1.3	58.900
050502B	142.535	16.987	1.2	17.700
050421	307.341	73.678	2.7	15.000
050416A	188.485	21.058	1.5	2.500
050410	89.757	79.605	1.1	42.500
050406	34.410	-50.180	2.5	5.400
050326	6.871	-71.377	1.0	29.300
050319	154.172	43.581	2.4	152.500
050318	49.695	-46.386	1.0	32
050315	306.476	-42.591	1.1	95.600
050306	282.309	-9.152	1.0	158.300
050223	271.394	-62.465	1.5	22.500
050219B	81.306	-57.758	1.0	30.700
050219A	166.416	-40.681	1.0	23.700
050215B	174.463	40.797	1.6	8.100
050128	219.587	-34.765	1.1	19.200
050124	192.877	13.039	1.0	4.000
050117	358.479	65.939	1.0	166.600
